[0, 1045, 376, 1048]
[77, 354, 393, 356]
[0, 355, 393, 358]
[0, 356, 303, 359]
[151, 1041, 393, 1045]
[435, 431, 493, 433]
[351, 60, 423, 61]
[517, 64, 589, 65]
[351, 63, 423, 63]
[166, 353, 267, 353]
[0, 1047, 158, 1049]
[354, 25, 498, 26]
[314, 423, 380, 422]
[313, 424, 380, 428]
[440, 63, 505, 62]
[0, 358, 153, 360]
[517, 66, 570, 66]
[0, 1043, 220, 1046]
[370, 21, 498, 25]
[330, 423, 380, 423]
[440, 65, 505, 63]
[354, 27, 498, 27]
[416, 432, 493, 435]
[18, 411, 73, 415]
[439, 60, 504, 60]
[417, 431, 480, 433]
[517, 67, 568, 67]
[355, 41, 409, 45]
[240, 1041, 393, 1043]
[332, 360, 393, 360]
[516, 59, 588, 63]
[516, 57, 589, 61]
[0, 354, 76, 354]
[200, 1048, 261, 1048]
[398, 41, 493, 42]
[516, 58, 573, 61]
[363, 23, 431, 24]
[0, 359, 62, 361]
[350, 49, 425, 48]
[104, 1041, 161, 1042]
[440, 435, 493, 437]
[192, 354, 256, 354]
[440, 21, 499, 24]
[517, 61, 588, 64]
[445, 65, 504, 65]
[11, 1044, 87, 1045]
[517, 65, 571, 65]
[27, 1047, 124, 1047]
[247, 1043, 320, 1041]
