[399, 1046, 399, 356]
[394, 1048, 394, 353]
[398, 1047, 398, 355]
[395, 1048, 395, 353]
[393, 682, 393, 507]
[396, 1048, 396, 353]
[397, 1047, 397, 354]
[351, 434, 352, 344]
[353, 27, 357, 447]
[490, 22, 494, 444]
[487, 236, 487, 161]
[489, 438, 489, 22]
[353, 439, 353, 30]
[356, 24, 358, 273]
[488, 438, 488, 22]
[494, 335, 494, 411]
[493, 241, 494, 20]
[351, 433, 351, 352]
[400, 571, 400, 520]
[490, 438, 490, 69]
[330, 155, 331, 239]
[296, 315, 298, 227]
[337, 199, 340, 259]
[490, 5, 494, 158]
[295, 310, 297, 225]
[263, 291, 263, 228]
[264, 293, 265, 228]
[329, 321, 331, 271]
[338, 96, 340, 183]
[332, 156, 333, 248]
[362, 256, 363, 325]
[491, 437, 492, 337]
[262, 423, 262, 370]
[266, 199, 266, 144]
[294, 303, 296, 224]
[358, 446, 358, 354]
[331, 111, 334, 163]
[351, 206, 352, 32]
[355, 441, 358, 288]
[357, 24, 358, 134]
[258, 161, 259, 222]
[338, 241, 339, 293]
[262, 291, 262, 229]
[340, 207, 342, 264]
[359, 125, 359, 46]
[331, 229, 331, 160]
[258, 185, 259, 272]
[331, 323, 333, 263]
[354, 419, 356, 149]
[549, 111, 552, 16]
[266, 284, 266, 229]
[121, 338, 123, 425]
[553, 65, 556, 10]
[545, 105, 548, 26]
[393, 1044, 393, 794]
[252, 236, 254, 295]
[487, 139, 487, 4]
[550, 105, 554, 23]
[354, 171, 356, 121]
[400, 955, 400, 896]
[487, 371, 487, 426]
[376, 237, 377, 327]
[352, 327, 352, 92]
[494, 228, 496, 161]
[491, 290, 492, 84]
[491, 338, 494, 247]
[357, 302, 357, 251]
[359, 324, 359, 245]
